const INCLUDED_CHAPTERS: ChapterTuple[] = [
  [2, 8, 23],
  [3, 24, 39],
  [4, 40, 65],
  [5, 66, 91],
  [6, 92, 108],
  [7, 109, 119],
  [8, 120, 136],
  [11, 150, 166],
  [12, 167, 174],
  [13, 175, 184],
  [14, 185, 190],
  [15, 191, 198],
  [16, 199, 214],
  [17, 215, 228],
  [20, 283, 306],
  [21, 307, 321],
  [22, 322, 330],
  [25, 360, 387],
  [26, 388, 458],
  [27, 459, 479],
  [28, 480, 510],
  [29, 511, 529],
  [30, 530, 557],
  [31, 558, 583],
  [32, 584, 617],
  [34, 628, 657],
  [35, 658, 671],
  [36, 672, 695],
  [37, 696, 717],
  [38, 718, 730],
  [40, 744, 759],
  [41, 760, 784],
  [42, 785, 794],
  [43, 795, 854],
  [44, 855, 876],
  [45, 877, 899],
  [46, 900, 920],
  [47, 921, 940],
  [48, 941, 973],
  [49, 974, 1000],
  [50, 1001, 1026],
  [51, 1027, 1037],
  [52, 1038, 1063],
  [53, 1064, 1090],
  [54, 1091, 1106],
  [55, 1107, 1140],
  [56, 1141, 1185],
  [57, 1186, 1210],
  [58, 1211, 1229],
  [59, 1230, 1253],
  [62, 1289, 1310],
  [63, 1311, 1332],
  [64, 1333, 1347],

  [66, 1365, 1387],
  [67, 1388, 1408],
  [68, 1409, 1417],
  [69, 1418, 1436],
  [70, 1437, 1469],
  [71, 1470, 1496],
  [72, 1497, 1522],
  [73, 1523, 1540],
  [74, 1541, 1560],
  [75, 1561, 1578],
  [76, 1579, 1601],
  [77, 1602, 1633],
  [78, 1634, 1657],
  [79, 1658, 1682],
  [80, 1683, 1705],
  [82, 1715, 1748],
  [83, 1749, 1763],
  [85, 1774, 1793],
  [86, 1794, 1816],
  [87, 1817, 1837],

  [88, 1838, 1853],
  [89, 1854, 1882],
  [90, 1883, 1895],
  [92, 1903, 1941],
